[[ 2.05454  0.0746  -0.       0.      -0.04677 -0.47265  0.      -0.      -0.03279 -0.02545  0.02502 -0.02545  0.02502]
 [ 0.0746   0.12683  0.       0.       0.03434  0.36683 -0.       0.       0.04356  0.03083 -0.0086   0.03083 -0.0086 ]
 [-0.       0.       0.54336  0.      -0.       0.       0.659    0.      -0.      -0.       0.       0.      -0.     ]
 [ 0.       0.       0.       0.32653  0.      -0.       0.       0.29737  0.       0.1925   0.14761 -0.1925  -0.14761]
 [-0.04677  0.03434 -0.       0.       0.40349  0.24406  0.       0.       0.45593 -0.14181 -0.08959 -0.14181 -0.08959]
 [-0.47265  0.36683  0.      -0.       0.24406  1.3345   0.       0.       0.2834   0.05697 -0.06197  0.05697 -0.06197]
 [ 0.      -0.       0.659    0.       0.       0.       0.79926  0.       0.      -0.       0.       0.      -0.     ]
 [-0.       0.       0.       0.29737  0.       0.       0.       0.2708   0.       0.1753   0.13442 -0.1753  -0.13442]
 [-0.03279  0.04356 -0.       0.       0.45593  0.2834   0.       0.       0.51552 -0.15919 -0.10115 -0.15919 -0.10115]
 [-0.02545  0.03083 -0.       0.1925  -0.14181  0.05697 -0.       0.1753  -0.15919  0.18056  0.11764 -0.0464  -0.05639]
 [ 0.02502 -0.0086   0.       0.14761 -0.08959 -0.06197  0.       0.13442 -0.10115  0.11764  0.08674 -0.05639 -0.04671]
 [-0.02545  0.03083  0.      -0.1925  -0.14181  0.05697  0.      -0.1753  -0.15919 -0.0464  -0.05639  0.18056  0.11764]
 [ 0.02502 -0.0086  -0.      -0.14761 -0.08959 -0.06197 -0.      -0.13442 -0.10115 -0.05639 -0.04671  0.11764  0.08674]]