[[ 0.98324  0.22783 -0.      -0.09273  0.       0.1081   0.      -0.      -0.07398 -0.       0.04998  0.      -0.08079]
 [ 0.09616 -0.21656  0.       0.08528 -0.      -0.03261 -0.      -0.       0.10594  0.      -0.14237 -0.       1.64946]
 [-0.      -0.      -0.       0.       0.52123  0.       0.       0.       0.      -1.0293  -0.       0.       0.     ]
 [ 0.      -0.      -0.40406  0.       0.      -0.       0.29908 -0.15746  0.      -0.       0.      -1.06888 -0.     ]
 [-0.00369  0.09218  0.       0.43958 -0.       0.20715  0.      -0.      -0.31167  0.      -1.00104 -0.      -0.16468]
 [-0.03882 -0.6974   0.       0.42352 -0.      -1.06409 -0.       0.       0.18304  0.      -0.21019  0.      -2.05461]
 [ 0.       0.      -0.       0.       0.63216  0.      -0.      -0.      -0.       0.96515  0.      -0.      -0.     ]
 [-0.      -0.      -0.36797  0.       0.      -0.       0.77228 -0.50134  0.       0.      -0.       1.37565  0.     ]
 [ 0.00739  0.0988   0.       0.49794 -0.       0.47104  0.      -0.      -0.34536 -0.       1.18967  0.       0.55357]
 [ 0.00284 -0.12325 -0.23821 -0.13543 -0.       0.03587 -0.03503  0.96437 -1.00788 -0.       0.2946  -0.09163  0.32166]
 [ 0.00709 -0.0158  -0.18266 -0.09853  0.       0.87219 -1.22994 -0.66962  0.45526 -0.       0.09786 -0.55799  0.3688 ]
 [ 0.00284 -0.12325  0.23821 -0.13543  0.       0.03587  0.03503 -0.96437 -1.00788 -0.       0.2946   0.09163  0.32166]
 [ 0.00709 -0.0158   0.18266 -0.09853 -0.       0.87219  1.22994  0.66962  0.45526  0.       0.09786  0.55799  0.3688 ]]